barcode,count,fraction_all_valid_and_invalid_counts
TACACTCAAACGATGC,13779,0.0132
AGAACGGCTTGACACT,13538,0.0129
TTACCTTAAATCAAAG,13521,0.0129
CGAAGATGAGCCCTCG,12692,0.0121
GTACAAACCTGCAAAT,11862,0.0113
ACATTTAGCGGACCGT,11845,0.0113
GAAGAAACTATAACCA,11535,0.011
CAATTAGAAATACATA,11500,0.011
AAAAAATTTATGACAA,11403,0.0109
ATCATAGCACTAAAAT,11336,0.0108
ATTAACCAATTGAGCA,11292,0.0108
TGAGTGTCCAGGTACT,11123,0.0106
TACCCTGCAAGCCACT,10805,0.0103
AGAGGCCGGACGTAAA,10626,0.0102
AGGAAAGAAACTGGAG,10434,0.00997
TTTGCTACAAGTGAGC,10248,0.00979
ATTTCATGAGATAGGG,10165,0.00971
GACGGACTATCAACGA,10138,0.00969
TGGAATCGTCACCGAT,10078,0.00963
AACCACCGAGTGACCG,10040,0.00959
TATGCTAAGACTTTTT,10036,0.00959
GTGCAATTCCGCGTCC,10030,0.00959
CCAGGATCTATCCTTC,9647,0.00922
CGGGTCCTAGGCGAGG,9484,0.00906
GTACACTCTTTCAATT,9285,0.00887
TGTCGGGGTACGGGAC,9122,0.00872
ATGCGTTTATCGATTT,9106,0.0087
ATAGAATCGCAAATTA,8995,0.0086
TGATATCTGGAATCTG,8827,0.00844
TTTCCAGGGCTTCCCG,8724,0.00834
TTATCTGTAGAGCGCT,8605,0.00822
GCGTAGTTTGATTCAT,8445,0.00807
GTCCATAGTTTCGTGA,8402,0.00803
AACTCCCATGGGGCAG,8382,0.00801
TAAAAGCTCCCATTAC,8178,0.00782
CTCGCGGGTATATAGA,8158,0.0078
CGTACTAATCACTCCG,8062,0.0077
GATGACGCGACCTCCT,7933,0.00758
CACAGCGCTGGCCTTG,7835,0.00749
GCGGACAGCGGTTATC,7784,0.00744
ATTACAACCCAGACAA,7744,0.0074
ATCAAGGACCCTGGGC,7684,0.00734
GTATTGAATGTCCGGC,7474,0.00714
TGCGATGCATAGTTCG,7433,0.0071
AATCATACATGCTTCT,7407,0.00708
ACCAGGTGGCAGTACA,7238,0.00692
ATAGCCCTAACGAAAG,7198,0.00688
AGTAAACATGCATTGG,7127,0.00681
TCGGTCGGGCGAAGGC,7116,0.0068
CAAATATAATGTCCTG,7063,0.00675
GCCAGCCGAAAGCCGT,6969,0.00666
ATCGATCGAGATAACG,6939,0.00663
TTTGGCGAGCAGCCCG,6899,0.00659
CTGAACTTGTCGATAT,6880,0.00657
GTCTTGTCGATTGGTA,6698,0.0064
AGAAAAGATAGGAAAG,6643,0.00635
CCTTATGAATTACGCG,6625,0.00633
GTATAGAAATGGGTCA,6410,0.00613
CCTACGCTCGTATCCC,6354,0.00607
GCTGATAAACAATCTA,6345,0.00606
GCCAACTTTCACTTGG,6315,0.00603
AGGCGGACTAACTGCA,6026,0.00576
TGGTAGTCCTTAACCG,5957,0.00569
GACTTCTTCCGCTCTT,5816,0.00556
CTGAGTATGGGGCTCA,5765,0.00551
TCGTGCTGTCATGCAG,5692,0.00544
GAGGACAGCGGTCGTC,5685,0.00543
AACTCCAATTTGTTTT,5643,0.00539
AAAGGAAGCCCCTCAC,5637,0.00539
TCGCGGATTAAACCAT,5630,0.00538
GTTGACTGCCTTTCTT,5606,0.00536
TTTAGCCGGCTGTAAC,5603,0.00535
AGGAAGATCAAAAGCG,5579,0.00533
CGTTGCATGTAGCAGG,5579,0.00533
TTTGGTGAGGCCCAAT,5532,0.00529
GAATCTCCCGCGTATA,5529,0.00528
AACGACAAACAGTAAG,5475,0.00523
TGATGCCGTCAGCCTT,5467,0.00522
AAGACCTAGTTTGAAC,5439,0.0052
ATTGCAACGCCGGTGT,5372,0.00513
TAACCGGTCAGATGTT,5312,0.00508
AGGACCTAAATGAAGT,5285,0.00505
CATACAGAGTTTGTTG,5282,0.00505
TCCCAAGACAAGCGAC,5263,0.00503
GATCGGAATAACCGTA,5191,0.00496
TAGATAACTCGCTAGG,5163,0.00493
CATCGACAGGTCCCAC,5077,0.00485
GAAAGACCGATGCCAG,4988,0.00477
GATGCCCCTTGGCTCT,4971,0.00475
AAGCGACGCGCGACGG,4895,0.00468
CCGTGTGTTGTGCGCA,4826,0.00461
AAATATTGAGACTAAT,4782,0.00457
TAGATTTGTCCGTACA,4773,0.00456
AAACTCTAACTGAGTT,4730,0.00452
GTCACAGTCATCGTGT,4660,0.00445
TCACACCGCTCAGCCT,4605,0.0044
AAGTTAAGAGAAAGTT,4594,0.00439
GAACGGAGATCTGTTG,4570,0.00437
TCTGTGCGAGCATCGG,4515,0.00431
TCTGTAGCTCCCTCAC,4514,0.00431
CCTAGCCGGAAACATG,4479,0.00428
ATAAATTCTTTATGGA,4374,0.00418
TTCTAACGATTGTAGG,4360,0.00417
GATTGAGGGGTCCGGG,4350,0.00416
TGTCGGTGCGCCGCTT,4345,0.00415
CGGTAAGTTTCGAGGA,4318,0.00413
AAAGCTCTTTTCGTTC,4271,0.00408
AGCTCCACATTTGGCC,4256,0.00407
CATGTGGAGGGTCGAG,4231,0.00404
TACGATACTCGGAAGG,4211,0.00402
TTGAAACTCTTGTCCT,4184,0.004
TTCGACAAGTATACGT,4163,0.00398
AGGAACATGTCCATAC,4155,0.00397
GCATACTGGTTACATT,4141,0.00396
TTTTCGATAATAATCT,4137,0.00395
ACGGCATCCCAATTGA,4125,0.00394
TATGTCCGCACCGCCG,4083,0.0039
GCGGCGCCCGGTTGAT,4073,0.00389
GAGATAAAAGAGCTCT,4066,0.00389
TAGTACTAACACCAGA,4019,0.00384
CTTTAAATTATAGTCT,3991,0.00381
GAATAATAGAACAGAG,3950,0.00377
GAACCTACAAGCAGTC,3938,0.00376
TATCCGGGTCTGATGC,3937,0.00376
CACATACAACACGACC,3936,0.00376
ATGCCGGGCCGTTACT,3907,0.00373
GCTCCTGGTCATATAT,3874,0.0037
ACGAGAAGCAGGGGGC,3856,0.00368
AAGCGCTTCCCAGCCA,3776,0.00361
GCAGCTTGAATGATGT,3771,0.0036
CGTCAATGGGTCATCG,3747,0.00358
GAACACAATTACTTAG,3673,0.00351
CCGTTAGGGATTCCTC,3624,0.00346
GCAGAAAGAGGTAATA,3577,0.00342
AAGCAGTTTGCCCCCA,3507,0.00335
ATCTTGTATGATATGT,3371,0.00322
TAGCCTATAATCAAGT,3355,0.00321
ATCTCGGCCGGCCAAT,3317,0.00317
TTTCGGGGCCCCAATG,3301,0.00315
CTTTTCCGTGTCCTCT,3227,0.00308
TTTACTCGATCCTCGC,3154,0.00301
ACTTTCCTCCCATGCG,3062,0.00293
ATCGCAAGTACCAGTT,3059,0.00292
CAAATGGGCTGCAGGG,2991,0.00286
CCTCTGTGTACTAATT,2945,0.00281
CAGGTACGCGTTTCTG,2925,0.0028
ATGAGCTAAACATGAT,2885,0.00276
GTCGTCCGTAAGTTCA,2871,0.00274
CACACCTCTCTCGCCG,2859,0.00273
CGAACATGGGAACTAA,2848,0.00272
AAGACGAAGCGTTTGC,2846,0.00272
AGCAGTCCCGCTAGTC,2728,0.00261
ACGATTTTTTCTACAT,2725,0.0026
CATTTCTGATGAATTG,2718,0.0026
AACACTCAATACCGGT,2696,0.00258
TCGATTTCTAAATTCC,2658,0.00254
ACGTCGCTAGACTTTA,2628,0.00251
GCCCACGTTTAACTTT,2555,0.00244
TTTTCTGACGATGCAG,2529,0.00242
AATCCGAAATTTATTC,2416,0.00231
AGAGCTAAAAAGAGGA,2363,0.00226
ATTGGCTGTCGTGGCC,2327,0.00222
TCGGAGAGCGATCCGC,2327,0.00222
TCGCTTTAGCCGGACC,2278,0.00218
GTTGATTCGATCATAT,2221,0.00212
GCTCAGTCGCCACGTT,2132,0.00204
TGTGCGAAGTTGATGT,2075,0.00198
TTTATTACTCTTATGG,2026,0.00194
CGATTACGCTTTCCGG,2021,0.00193
GAAGGACTTGGGGCTC,1948,0.00186
TCCCTTCTTCGCAACT,1931,0.00185
ACGATCGTCGGAGGTC,1910,0.00183
AAGAAGCTATAGAAGT,1898,0.00181
ACATCCGCCCTTCGGT,1872,0.00179
TGTCTGCGCTTAAGTT,1844,0.00176
CGACTCTGTCGGGTAA,1754,0.00168
CATAAAAGACTGTATA,1730,0.00165
CTGCCGCCTGCTGTGT,1682,0.00161
TATATTAGTAACATAA,1673,0.0016
GTATCACGTCGTTTAC,1650,0.00158
CTTGAACCAGCAGTGT,1648,0.00157
ATACATCCGACGCTTT,1596,0.00153
CAGGCTGCTGGGCCGC,1520,0.00145
AGTCCTATCCTCAAAT,1470,0.0014
ATCCGTTGGGCGACAA,1300,0.00124
CGACGCGCCGTCGCTG,1294,0.00124
GAGTGCCCAGGTGTTG,1285,0.00123
TCCACACCCCTAGCTA,1277,0.00122
CGTACGTATGTCCCAG,1219,0.00116
CCATACCACGCCCTGT,916,0.000875
GAAGTGCTGCTGAAGT,724,0.000692
GCTTGTTAGCCTGAAG,535,0.000511
CGATCTTTACGAAAAA,515,0.000492
AGACCATCGCACCCAA,473,0.000452
CACGGCTGGAGCGGCC,336,0.000321
GTCGCCGCTAATCCGA,279,0.000267
GCCCTACCTAACTACC,7,6.69e-06
AAAGGAGTAGGATTAA,0,0
ACCATGTCTAATACAA,0,0
ACCCATTTAGGCTCAT,0,0
ACGATAGGAAGCGTTA,0,0
ACTACGAGCAGATTAC,0,0
ATGAATCTGTGTTGGG,0,0
CACAATATGACAGAGT,0,0
CACAGACGAGACACAC,0,0
CACTTTCGGGAACACG,0,0
CCTGCATCGGGCTTAA,0,0
GAAGGACGCACTGGTT,0,0
GATAGGTCTTATCCGA,0,0
GATTGTAAGTTCCTCG,0,0
GTACCGCCTCGCTCCT,0,0
GTCCACTCAACTTCCT,0,0
TAAAGTAGGTAACGTG,0,0
TAGACTGGATACGTGA,0,0
TCCGCACTGCGATCAC,0,0
TCTTCAAGTCGTGTTA,0,0
TGGACTGGCCATCCTA,0,0
TGTGCCAGTGGCACCC,0,0
