barcode,count,fraction_all_valid_and_invalid_counts
GTACAAACCTGCAAAT,91172,0.102
CAATTAGAAATACATA,73836,0.0826
AAAAAATTTATGACAA,51567,0.0577
AACCACCGAGTGACCG,50965,0.057
TACCCTGCAAGCCACT,44604,0.0499
AACGACAAACAGTAAG,34786,0.0389
TTATCTGTAGAGCGCT,26739,0.0299
CATACAGAGTTTGTTG,21152,0.0237
ATTAACCAATTGAGCA,19971,0.0223
AAGCGACGCGCGACGG,18937,0.0212
GAAAGACCGATGCCAG,16724,0.0187
AGAAAAGATAGGAAAG,16123,0.018
TGATATCTGGAATCTG,15448,0.0173
TAGATTTGTCCGTACA,14764,0.0165
CTTTAAATTATAGTCT,13621,0.0152
CTCGCGGGTATATAGA,10264,0.0115
GACGGACTATCAACGA,9880,0.011
GTACACTCTTTCAATT,9647,0.0108
TTCGACAAGTATACGT,9201,0.0103
AAGACCTAGTTTGAAC,8081,0.00904
CACAGCGCTGGCCTTG,7087,0.00793
TCTGTGCGAGCATCGG,7072,0.00791
CACACCTCTCTCGCCG,6541,0.00731
CAAATGGGCTGCAGGG,6528,0.0073
TAACCGGTCAGATGTT,6512,0.00728
TCTGTAGCTCCCTCAC,6457,0.00722
GATCGGAATAACCGTA,6407,0.00716
TTTGCTACAAGTGAGC,5905,0.0066
ACTTTCCTCCCATGCG,5838,0.00653
TATGTCCGCACCGCCG,5265,0.00589
CTGAACTTGTCGATAT,5008,0.0056
GAAGGACTTGGGGCTC,4958,0.00554
CCTAGCCGGAAACATG,4717,0.00527
TATCCGGGTCTGATGC,4673,0.00523
ATGCCGGGCCGTTACT,4668,0.00522
GTGCAATTCCGCGTCC,4620,0.00517
AGGAAAGAAACTGGAG,4502,0.00503
ACGTCGCTAGACTTTA,4482,0.00501
TTTCCAGGGCTTCCCG,4452,0.00498
TGATGCCGTCAGCCTT,4311,0.00482
GTCACAGTCATCGTGT,4244,0.00475
CGTCAATGGGTCATCG,4055,0.00453
ATCTCGGCCGGCCAAT,3936,0.0044
GACTTCTTCCGCTCTT,3638,0.00407
AGAACGGCTTGACACT,3618,0.00405
ATCTTGTATGATATGT,3608,0.00403
CCGTGTGTTGTGCGCA,3336,0.00373
GTCTTGTCGATTGGTA,3317,0.00371
GCAGAAAGAGGTAATA,3263,0.00365
GAATAATAGAACAGAG,3195,0.00357
ACGGCATCCCAATTGA,3126,0.0035
GAATCTCCCGCGTATA,3024,0.00338
CGAAGATGAGCCCTCG,2985,0.00334
TCGCGGATTAAACCAT,2980,0.00333
TTTAGCCGGCTGTAAC,2930,0.00328
TCGATTTCTAAATTCC,2815,0.00315
GTTGACTGCCTTTCTT,2739,0.00306
TTTTCGATAATAATCT,2668,0.00298
ATGAGCTAAACATGAT,2649,0.00296
TGCGATGCATAGTTCG,2636,0.00295
GATGACGCGACCTCCT,2632,0.00294
CCTCTGTGTACTAATT,2604,0.00291
GCGTAGTTTGATTCAT,2543,0.00284
TACGATACTCGGAAGG,2522,0.00282
GCCCACGTTTAACTTT,2491,0.00279
GCCAACTTTCACTTGG,2432,0.00272
GTATAGAAATGGGTCA,2379,0.00266
ATCATAGCACTAAAAT,2333,0.00261
GTCCATAGTTTCGTGA,2260,0.00253
GAAGTGCTGCTGAAGT,2220,0.00248
TGTCGGTGCGCCGCTT,2219,0.00248
GCTCAGTCGCCACGTT,2205,0.00247
GCGGACAGCGGTTATC,2175,0.00243
AAAGCTCTTTTCGTTC,2118,0.00237
AGAGGCCGGACGTAAA,2105,0.00235
ATAAATTCTTTATGGA,1949,0.00218
GTCGTCCGTAAGTTCA,1929,0.00216
TCGCTTTAGCCGGACC,1902,0.00213
GAGTGCCCAGGTGTTG,1885,0.00211
ACGATCGTCGGAGGTC,1879,0.0021
TTTTCTGACGATGCAG,1872,0.00209
CGAACATGGGAACTAA,1842,0.00206
TTACCTTAAATCAAAG,1775,0.00198
ACGAGAAGCAGGGGGC,1760,0.00197
AGGCGGACTAACTGCA,1710,0.00191
CCGTTAGGGATTCCTC,1704,0.00191
ACCAGGTGGCAGTACA,1700,0.0019
AAACTCTAACTGAGTT,1635,0.00183
CGTACTAATCACTCCG,1613,0.0018
TGTGCGAAGTTGATGT,1566,0.00175
TGGTAGTCCTTAACCG,1482,0.00166
TTTCGGGGCCCCAATG,1358,0.00152
AAATATTGAGACTAAT,1324,0.00148
ATCGATCGAGATAACG,1231,0.00138
AACTCCCATGGGGCAG,1205,0.00135
TACACTCAAACGATGC,1202,0.00134
AACACTCAATACCGGT,1178,0.00132
TCCCAAGACAAGCGAC,1167,0.00131
CGACTCTGTCGGGTAA,1159,0.0013
CCAGGATCTATCCTTC,1127,0.00126
CTTGAACCAGCAGTGT,1043,0.00117
ATTACAACCCAGACAA,1032,0.00115
GAACGGAGATCTGTTG,1019,0.00114
TCGTGCTGTCATGCAG,964,0.00108
TGTCTGCGCTTAAGTT,956,0.00107
ATAGCCCTAACGAAAG,944,0.00106
CATTTCTGATGAATTG,936,0.00105
GCTCCTGGTCATATAT,915,0.00102
CTGAGTATGGGGCTCA,833,0.000932
TTTGGCGAGCAGCCCG,780,0.000872
CGATTACGCTTTCCGG,767,0.000858
AAGCAGTTTGCCCCCA,735,0.000822
TTCTAACGATTGTAGG,683,0.000764
CATCGACAGGTCCCAC,677,0.000757
CTTTTCCGTGTCCTCT,676,0.000756
AGGAACATGTCCATAC,675,0.000755
GCTGATAAACAATCTA,673,0.000753
TGAGTGTCCAGGTACT,652,0.000729
TGTCGGGGTACGGGAC,646,0.000722
ATTGCAACGCCGGTGT,642,0.000718
AGCTCCACATTTGGCC,617,0.00069
TTGAAACTCTTGTCCT,599,0.00067
TAGTACTAACACCAGA,598,0.000669
CGGGTCCTAGGCGAGG,566,0.000633
ATACATCCGACGCTTT,561,0.000627
GAACCTACAAGCAGTC,555,0.000621
GCTTGTTAGCCTGAAG,555,0.000621
TATGCTAAGACTTTTT,555,0.000621
ACATTTAGCGGACCGT,517,0.000578
ATCGCAAGTACCAGTT,494,0.000552
ATGCGTTTATCGATTT,464,0.000519
TAAAAGCTCCCATTAC,454,0.000508
AAGCGCTTCCCAGCCA,442,0.000494
CGTTGCATGTAGCAGG,438,0.00049
TTTACTCGATCCTCGC,418,0.000467
AAGAAGCTATAGAAGT,417,0.000466
AATCATACATGCTTCT,400,0.000447
GCATACTGGTTACATT,397,0.000444
AACTCCAATTTGTTTT,367,0.00041
AAAGGAAGCCCCTCAC,355,0.000397
TCGGTCGGGCGAAGGC,324,0.000362
CAGGTACGCGTTTCTG,302,0.000338
GATGCCCCTTGGCTCT,294,0.000329
ATTGGCTGTCGTGGCC,292,0.000327
TCACACCGCTCAGCCT,291,0.000325
TAGATAACTCGCTAGG,278,0.000311
GAGGACAGCGGTCGTC,267,0.000299
CACATACAACACGACC,263,0.000294
TCGGAGAGCGATCCGC,239,0.000267
AGGAAGATCAAAAGCG,214,0.000239
CAGGCTGCTGGGCCGC,205,0.000229
ACATCCGCCCTTCGGT,200,0.000224
GCCAGCCGAAAGCCGT,192,0.000215
GAACACAATTACTTAG,189,0.000211
CATGTGGAGGGTCGAG,163,0.000182
ATCCGTTGGGCGACAA,158,0.000177
TCCACACCCCTAGCTA,149,0.000167
CGATCTTTACGAAAAA,121,0.000135
AGCAGTCCCGCTAGTC,119,0.000133
CCTACGCTCGTATCCC,106,0.000119
GTCGCCGCTAATCCGA,81,9.06e-05
ATAGAATCGCAAATTA,69,7.72e-05
GTATTGAATGTCCGGC,59,6.6e-05
GTATCACGTCGTTTAC,56,6.26e-05
ATCAAGGACCCTGGGC,49,5.48e-05
TAGCCTATAATCAAGT,49,5.48e-05
GCAGCTTGAATGATGT,46,5.14e-05
CCTTATGAATTACGCG,41,4.58e-05
AGTAAACATGCATTGG,38,4.25e-05
GCGGCGCCCGGTTGAT,33,3.69e-05
AGACCATCGCACCCAA,32,3.58e-05
ATTTCATGAGATAGGG,30,3.35e-05
TCCCTTCTTCGCAACT,27,3.02e-05
TATATTAGTAACATAA,24,2.68e-05
AGGACCTAAATGAAGT,23,2.57e-05
GAGATAAAAGAGCTCT,21,2.35e-05
CTGCCGCCTGCTGTGT,12,1.34e-05
TTTGGTGAGGCCCAAT,12,1.34e-05
CAAATATAATGTCCTG,11,1.23e-05
CGGTAAGTTTCGAGGA,7,7.83e-06
GAAGAAACTATAACCA,6,6.71e-06
GATTGAGGGGTCCGGG,6,6.71e-06
TTTATTACTCTTATGG,6,6.71e-06
CACGGCTGGAGCGGCC,4,4.47e-06
CATAAAAGACTGTATA,3,3.35e-06
AAAGGAGTAGGATTAA,0,0
AAGACGAAGCGTTTGC,0,0
AAGTTAAGAGAAAGTT,0,0
AATCCGAAATTTATTC,0,0
ACCATGTCTAATACAA,0,0
ACCCATTTAGGCTCAT,0,0
ACGATAGGAAGCGTTA,0,0
ACGATTTTTTCTACAT,0,0
ACTACGAGCAGATTAC,0,0
AGAGCTAAAAAGAGGA,0,0
AGTCCTATCCTCAAAT,0,0
ATGAATCTGTGTTGGG,0,0
CACAATATGACAGAGT,0,0
CACAGACGAGACACAC,0,0
CACTTTCGGGAACACG,0,0
CCATACCACGCCCTGT,0,0
CCTGCATCGGGCTTAA,0,0
CGACGCGCCGTCGCTG,0,0
CGTACGTATGTCCCAG,0,0
GAAGGACGCACTGGTT,0,0
GATAGGTCTTATCCGA,0,0
GATTGTAAGTTCCTCG,0,0
GCCCTACCTAACTACC,0,0
GTACCGCCTCGCTCCT,0,0
GTCCACTCAACTTCCT,0,0
GTTGATTCGATCATAT,0,0
TAAAGTAGGTAACGTG,0,0
TAGACTGGATACGTGA,0,0
TCCGCACTGCGATCAC,0,0
TCTTCAAGTCGTGTTA,0,0
TGGAATCGTCACCGAT,0,0
TGGACTGGCCATCCTA,0,0
TGTGCCAGTGGCACCC,0,0
